=== Run information ===

Scheme:weka.classifiers.bayes.NaiveBayesMultinomial 
Relation:     _home_shagun_politeness_code_politeness_data-weka.filters.unsupervised.attribute.StringToWordVector-R1-W1000-prune-rate-1.0-C-T-I-N0-stemmerweka.core.stemmers.NullStemmer-M10-tokenizerweka.core.tokenizers.WordTokenizer -delimiters " \r\n\t.,;:\'\"()?!"-weka.filters.unsupervised.attribute.Reorder-R2,3,4,5,6,7,8,9,10,11,12,13,14,15,16,17,18,19,20,21,22,23,24,25,26,27,28,29,30,31,32,33,34,35,36,37,38,39,40,41,42,43,44,45,46,47,48,49,50,51,52,53,54,55,56,57,58,59,60,61,62,63,64,65,66,67,68,69,70,71,72,73,74,75,76,77,78,79,80,81,82,83,84,85,86,87,88,89,90,91,92,93,94,95,96,97,98,99,100,101,102,103,104,105,106,107,108,109,110,111,112,113,114,115,116,117,118,119,120,121,122,123,124,125,126,127,128,129,130,131,132,133,134,135,136,137,138,139,140,141,142,143,144,145,146,147,148,149,150,151,152,153,154,155,156,157,158,159,160,161,162,163,164,165,166,167,168,169,170,171,172,173,174,175,176,177,178,179,180,181,182,183,184,185,186,187,188,189,190,191,192,193,194,195,196,197,198,199,200,201,202,203,204,205,206,207,208,209,210,211,212,213,214,215,216,217,218,219,220,221,222,223,224,225,226,227,228,229,230,231,232,233,234,235,236,237,238,239,240,241,242,243,244,245,246,247,248,249,250,251,252,253,254,255,256,257,258,259,260,261,262,263,264,265,266,267,268,269,270,271,272,273,274,275,276,277,278,279,280,281,282,283,284,285,286,287,288,289,290,291,292,293,294,295,296,297,298,299,300,301,302,303,304,305,306,307,308,309,310,311,312,313,314,315,316,317,318,319,320,321,322,323,324,325,326,327,328,329,330,331,332,333,334,335,336,337,338,339,340,341,342,343,344,345,346,347,348,349,350,351,352,353,354,355,356,357,358,359,360,361,362,363,364,365,366,367,368,369,370,371,372,373,374,375,376,377,378,379,380,381,382,383,384,385,386,387,388,389,390,391,392,393,394,395,396,397,398,399,400,401,402,403,404,405,406,407,408,409,410,411,412,413,414,415,416,417,418,419,420,421,422,423,424,425,426,427,428,429,430,431,432,433,434,435,436,437,438,439,440,441,442,443,444,445,446,447,448,449,450,451,452,453,454,455,456,457,458,459,460,461,462,463,464,465,466,467,1-weka.filters.supervised.attribute.AttributeSelection-Eweka.attributeSelection.InfoGainAttributeEval-Sweka.attributeSelection.Ranker -T 0.0 -N -1
Instances:    2176
Attributes:   115
[list of attributes omitted]
Test mode:5-fold cross-validation

=== Classifier model (full training set) ===

The independent probability of a class
--------------------------------------
polite  0.5
impolite    0.5

The probability of a word given the class
-----------------------------------------
    polite  impolite    
Why 8.019869550303807E-4    0.025972605288300362    
Thanks  0.02141878013127817 0.0016266395982310658   
help    0.01867081003674166 0.0017563267455806594   
for 0.03457221950111855 0.02005289237480773 
Hi  0.019870601287377575    0.003575124226139252    
why 0.004371621237497741    0.028346405782767117    
I   0.03443630885983381 0.028487197603652765    
could   0.019289071543675047    0.004848975413108421    
Thank   0.010417533350163249    1.1115155430247914E-4   
please  0.017009123070138667    0.00468257211588661 
not 0.012294448259285936    0.034779364155157304    
Would   0.015650816421843138    0.003932893511098191    
Could   0.015797335811656932    0.004368795053823222    
you 0.025016236482538284    0.025906794750097467    
And 0.001619977083490305    0.01514303821905626 
t   0.016753951844804427    0.035770292367652834    
thanks  0.008568393253618994    0.0010528633248473923   
great   0.006054132901291532    1.1115155430247914E-4   
Can 0.01588904304336468 0.007436558369279049    
You 0.0061923902159487605   0.0204705253087822  
mind    0.00845882348499669 0.00166039165113543 
did 0.007329137356264189    0.020952449898899064    
Do  0.016337432408170295    0.009387702756188767    
Good    0.005770046385028076    4.6869306968755597E-4   
Who 8.831605975896573E-5    0.005863123740647231    
thank   0.004658576210676185    1.1115155430247914E-4   
So  0.002763842631201487    0.012738622897215359    
really  0.003340823597311791    0.013529604695839956    
chance  0.005937185352276349    8.122168553949922E-4    
exactly 6.45351230474907E-4 0.007472337215773866    
d   0.009097153852685355    0.0030496572732848044   
the 0.031678865218447066    0.034185086243796736    
if  0.02040693875899042 0.015402404935982326    
looks   0.005713090973602141    8.190663729454072E-4    
look    0.01216431401667108 0.00606852199495593 
think   0.018889322956341947    0.011957104307227552    
people  0.002436009497881811    0.01168479187632823 
happy   0.003908443722634234    1.1115155430247914E-4   
interested  0.007715749805085525    0.0020202631659262224   
Wikipedia   0.0036844970960007327   0.013097069054461664    
He  3.8533807937899105E-4   0.006092298672130176    
thoughts    0.005485959868764619    8.262345850726324E-4    
edit    0.0058307817180211115   0.01689381636292101 
-   0.01651515373399742 0.010452233809569096    
found   0.005882473410930609    0.0011529125677961327   
wanted  0.0036486911503470394   1.1115155430247914E-4   
s   0.01614606052925601 0.03177564382661507 
new 0.008727095955736492    0.003343507845183037    
blocked 0.0011631242406798506   0.008087094112481454    
like    0.017116809959576013    0.011925019941082422    
be  0.026682493419614494    0.02284823418172617 
Hey 0.007720249300416891    0.0025899357092352008   
willing 0.005821590110144196    0.0011627495059412486   
But 9.238688158328776E-4    0.007121804565227614    
working 0.005658667766918381    0.0011627495059412486   
ve  0.015397115012913529    0.009816567304697592    
at  0.02070818770775907 0.015752667010876232    
Hello   0.006432178731033258    0.0017745197413336017   
able    0.006804155087504806    0.0020616878486503887   
no  0.00622521167305135 0.015745202401971154    
work    0.011093550385770527    0.006146936114957664    
personal    3.9722353936044676E-4   0.00584756152568922 
evidence    3.9722353936044676E-4   0.005165295790718593    
<url>   0.031017893306743073    0.0298135948212521  
wondering   0.006755178400966434    0.0023701817461011265   
but 0.020661068942023842    0.017617765077432356    
all 0.007361811362229438    0.017374643830381533    
who 0.00480088472279832 0.014118823516646332    
add 0.008719853110082089    0.0042524817721670835   
By  0.004543646354059345    8.58794944030941E-4 
Nice    0.0038496449631973697   5.056414834284742E-4    
remove  0.002730673971257737    0.009962417396723315    
sorry   0.0059381076486939134   0.0018165857036008604   
list    0.00834021521069675 0.004046626771095104    
on  0.028267337040930048    0.026659255336759932    
what    0.013783560777789408    0.025219355632122666    
mean    0.0031403175293186637   0.010157220596670725    
good    0.010556751257793168    0.006458458131961534    
request 0.004901491564128558    0.001206908706441552    
Any 0.005950782835042897    0.0021234149139735415   
cannot  4.0666003166523807E-4   0.0045183760290420484   
planning    0.003590099750727961    5.11808324733349E-4 
issue   0.0014553825320863334   0.00699332286713976 
Or  0.001213271042527601    0.006482384922088833    
Sorry   0.005150613482217826    0.0015269811915883352   
any 0.016334794366164345    0.013336407100530313    
reply   0.004049208190553886    8.780811791484458E-4    
clarify 0.004049208190553886    8.780811791484458E-4    
since   0.007026198366589562    0.0032296444021028695   
stop    9.688850854637064E-4    0.005652420953369238    
advice  0.0033250206875663035   5.185120628902616E-4    
map 0.004082361020837473    5.185120628902616E-4    
Did 0.0027793729912012214   0.009040176861421993    
What    0.011995267221375491    0.0223310689719297  
can 0.017773699411287792    0.015400966294949085    
way 0.009491300453962412    0.0057541555368340845   
out 0.010716171540075713    0.006981933704639161    
nice    0.003795205814976736    8.887122060588044E-4    
given   7.061310189619277E-4    0.004776515464840429    
his 0.004542832719452104    0.0120422537703307  
Don 9.793821186190417E-4    0.005344655282401713    
though  0.004681488160728537    0.0015563536489014815   
without 0.0021702763018903626   0.007836062656777021    
attack  4.1782103315813896E-4   0.004328656297185316    
does    0.00503149168283692 0.012262943721472717    
nothing 7.152042103320329E-4    0.004450540774688421    
allowed 7.152042103320329E-4    0.004450540774688421    
wonder  0.003536200887910836    9.001314125544685E-4    
ok  0.00505473664647752 0.002194673581289787    
saw 0.004633700319974254    0.0018988591312278625   
fix 0.004633700319974254    0.0018988591312278625   
Isn 7.250040035715105E-4    0.004117719258611177    
re  0.006686871218468758    0.013282894318962901    
say 0.00436611032816969 0.010975221628258966    


Time taken to build model: 0 seconds

=== Stratified cross-validation ===
=== Summary ===

Correctly Classified Instances        1754               80.6066 %
Incorrectly Classified Instances       422               19.3934 %
Kappa statistic                          0.6121
Mean absolute error                      0.2108
Root mean squared error                  0.3827
Relative absolute error                 42.1551 %
Root relative squared error             76.5311 %
Total Number of Instances             2176     

=== Detailed Accuracy By Class ===

               TP Rate   FP Rate   Precision   Recall  F-Measure   ROC Area  Class
                 0.829     0.217      0.793     0.829     0.81       0.895    polite
                 0.783     0.171      0.821     0.783     0.802      0.895    impolite
Weighted Avg.    0.806     0.194      0.807     0.806     0.806      0.895

=== Confusion Matrix ===

   a   b   <-- classified as
 902 186 |   a = polite
 236 852 |   b = impolite


